April Joy,zpatmethenysongbook.pdf,12,1
Sea Song,zpatmethenysongbook.pdf,13,1
Nacada,zpatmethenysongbook.pdf,14,1
Bright Size Life,zpatmethenysongbook.pdf,15,1
Offramp,zpatmethenysongbook.pdf,16,2
Unquity Road,zpatmethenysongbook.pdf,18,1
Sirabhorn,zpatmethenysongbook.pdf,19,1
Missouri Uncompromised,zpatmethenysongbook.pdf,20,1
Unity Village,zpatmethenysongbook.pdf,21,1
Midwestern Nights Dream,zpatmethenysongbook.pdf,22,2
Ivy,zpatmethenysongbook.pdf,24,2
Lakes,zpatmethenysongbook.pdf,26,2
Watercolors,zpatmethenysongbook.pdf,28,2
Not To Be Forgotten,zpatmethenysongbook.pdf,30,1
River Quay,zpatmethenysongbook.pdf,31,1
The Whopper,zpatmethenysongbook.pdf,32,2
April Wind,zpatmethenysongbook.pdf,34,2
It's For You,zpatmethenysongbook.pdf,36,5
Jaco,zpatmethenysongbook.pdf,41,1
Phase Dance,zpatmethenysongbook.pdf,42,4
We Live Here,zpatmethenysongbook.pdf,46,4
Lone Jack,zpatmethenysongbook.pdf,50,4
San Lorenzo,zpatmethenysongbook.pdf,54,7
Long Ago Child,zpatmethenysongbook.pdf,61,1
New Chautauqua,zpatmethenysongbook.pdf,62,2
Hermitage,zpatmethenysongbook.pdf,64,2
Sueno Con Mexico,zpatmethenysongbook.pdf,66,2
Daybreak,zpatmethenysongbook.pdf,68,2
Cross The Heartland,zpatmethenysongbook.pdf,70,5
The Search,zpatmethenysongbook.pdf,75,3
American Garage,zpatmethenysongbook.pdf,78,4
Airstream,zpatmethenysongbook.pdf,82,4
The Epic,zpatmethenysongbook.pdf,86,7
Every Day (I Thank You),zpatmethenysongbook.pdf,93,3
80/81,zpatmethenysongbook.pdf,96,1
The Bat,zpatmethenysongbook.pdf,97,1
Folk Song 1,zpatmethenysongbook.pdf,98,2
Pretty Scattered,zpatmethenysongbook.pdf,100,2
Goin' Ahead,zpatmethenysongbook.pdf,102,2
Better Days Ahead,zpatmethenysongbook.pdf,104,3
September Fifteenth,zpatmethenysongbook.pdf,107,5
Travels,zpatmethenysongbook.pdf,112,2
James,zpatmethenysongbook.pdf,114,2
As Falls Wichita So Falls Wichita Falls,zpatmethenysongbook.pdf,116,10
Estupenda Graca,zpatmethenysongbook.pdf,126,2
Oasis,zpatmethenysongbook.pdf,128,1
Barcarole,zpatmethenysongbook.pdf,129,3
Are You Going With Me?,zpatmethenysongbook.pdf,132,4
Eighteen,zpatmethenysongbook.pdf,136,4
Extradition,zpatmethenysongbook.pdf,140,2
Farmer's Trust,zpatmethenysongbook.pdf,142,1
The Fields The Sky,zpatmethenysongbook.pdf,143,3
Goodbye,zpatmethenysongbook.pdf,146,2
Straight On Red,zpatmethenysongbook.pdf,148,4
Song For Bilbao,zpatmethenysongbook.pdf,152,2
Story From A Stranger,zpatmethenysongbook.pdf,154,2
The Calling,zpatmethenysongbook.pdf,156,1
The Red Wind,zpatmethenysongbook.pdf,157,1
Mas Alla,zpatmethenysongbook.pdf,158,2
First Circle,zpatmethenysongbook.pdf,160,7
The Chief,zpatmethenysongbook.pdf,167,1
If I Could,zpatmethenysongbook.pdf,168,2
End Of The Game,zpatmethenysongbook.pdf,170,4
House On The Hill,zpatmethenysongbook.pdf,174,2
The Last To Know,zpatmethenysongbook.pdf,176,2
Wasn't Always Easy,zpatmethenysongbook.pdf,178,2
Tell It All,zpatmethenysongbook.pdf,180,4
Forward March,zpatmethenysongbook.pdf,184,3
Praise,zpatmethenysongbook.pdf,187,3
John McKee,zpatmethenysongbook.pdf,190,2
Parallel Realities,zpatmethenysongbook.pdf,192,1
Dancing,zpatmethenysongbook.pdf,193,3
Chris,zpatmethenysongbook.pdf,196,1
Daulton Lee,zpatmethenysongbook.pdf,197,3
This Is Not America,zpatmethenysongbook.pdf,200,4
It's Just Talk,zpatmethenysongbook.pdf,204,5
Kathelin Gray,zpatmethenysongbook.pdf,209,1
Trigonometry,zpatmethenysongbook.pdf,210,1
So May It Secretly Begin,zpatmethenysongbook.pdf,211,3
Minuano (Six-Eight),zpatmethenysongbook.pdf,214,10
Last Train Home,zpatmethenysongbook.pdf,224,3
In Her Family,zpatmethenysongbook.pdf,227,1
Third Wind,zpatmethenysongbook.pdf,228,7
Dream Of The Return,zpatmethenysongbook.pdf,235,3
Letter From Home,zpatmethenysongbook.pdf,238,1
Grampa's Ghost,zpatmethenysongbook.pdf,239,1
Slip Away,zpatmethenysongbook.pdf,240,2
Have You Heard,zpatmethenysongbook.pdf,242,4
Spring Ain't Here,zpatmethenysongbook.pdf,246,4
557,zpatmethenysongbook.pdf,250,6
45/8,zpatmethenysongbook.pdf,256,3
Beat 70,zpatmethenysongbook.pdf,259,3
Every Summer Night,zpatmethenysongbook.pdf,262,2
Question & Answer,zpatmethenysongbook.pdf,264,2
Change Of Heart,zpatmethenysongbook.pdf,266,2
H & H,zpatmethenysongbook.pdf,268,1
Three Flights Up,zpatmethenysongbook.pdf,269,1
Never Too Far Away,zpatmethenysongbook.pdf,270,2
Half Life Of Absolution,zpatmethenysongbook.pdf,272,4
Naked Moon,zpatmethenysongbook.pdf,276,2
The Road To You,zpatmethenysongbook.pdf,278,1
The Night You Were Born,zpatmethenysongbook.pdf,279,3
Cool Nights,zpatmethenysongbook.pdf,282,2
Always And Forever,zpatmethenysongbook.pdf,284,2
Antonia,zpatmethenysongbook.pdf,286,3
The Truth Will Always Be,zpatmethenysongbook.pdf,289,3
Facing West,zpatmethenysongbook.pdf,292,4
Cathedral In A Suitcase,zpatmethenysongbook.pdf,296,3
As A Flower Blossoms,zpatmethenysongbook.pdf,299,1
The Longest Summer,zpatmethenysongbook.pdf,300,2
Rain River,zpatmethenysongbook.pdf,302,2
See The World,zpatmethenysongbook.pdf,304,4
Sunlight,zpatmethenysongbook.pdf,308,2
Inori (Prayer),zpatmethenysongbook.pdf,310,1
Tell Her You Saw Me,zpatmethenysongbook.pdf,311,1
Take Another Look,zpatmethenysongbook.pdf,312,2
Nine Over Reggae,zpatmethenysongbook.pdf,314,1
We Had A Sister,zpatmethenysongbook.pdf,315,1
Double Guatemala,zpatmethenysongbook.pdf,316,2
Whittlin',zpatmethenysongbook.pdf,318,1
Quiet Rising,zpatmethenysongbook.pdf,319,1
The Red One,zpatmethenysongbook.pdf,320,4
Message To A Friend,zpatmethenysongbook.pdf,324,1
S.C.O.,zpatmethenysongbook.pdf,325,1
Say The Brother's Name,zpatmethenysongbook.pdf,326,2
Here To Stay,zpatmethenysongbook.pdf,328,3
And Then I Knew,zpatmethenysongbook.pdf,331,5
The Girls Next Door,zpatmethenysongbook.pdf,336,2
Something To Remind You,zpatmethenysongbook.pdf,338,4
To The End Of The World,zpatmethenysongbook.pdf,342,6
Red Sky,zpatmethenysongbook.pdf,348,4
Stranger In Town,zpatmethenysongbook.pdf,352,3
Quartet (Introduction),zpatmethenysongbook.pdf,355,1
When We Were Free,zpatmethenysongbook.pdf,356,3
As I Am,zpatmethenysongbook.pdf,358,1
Sometimes I See,zpatmethenysongbook.pdf,359,1
Seven Days,zpatmethenysongbook.pdf,360,2
Language Of Time,zpatmethenysongbook.pdf,362,5
Mojave,zpatmethenysongbook.pdf,367,1
Second Thought,zpatmethenysongbook.pdf,368,1
Tears Of Rain,zpatmethenysongbook.pdf,369,1
Omaha Celebration,zpatmethenysongbook.pdf,370,1
For A Thousand Years,zpatmethenysongbook.pdf,371,1
Passaggio Per Il Paradiso (Main Theme),zpatmethenysongbook.pdf,372,2
Don't Forget (Renato's Theme),zpatmethenysongbook.pdf,374,2
Marta's Theme,zpatmethenysongbook.pdf,376,1
The Heat Of The Day,zpatmethenysongbook.pdf,377,9
Follow Me,zpatmethenysongbook.pdf,386,3
Imaginary Day,zpatmethenysongbook.pdf,389,5
The Awakening,zpatmethenysongbook.pdf,394,7
The Roots Of Coincidence,zpatmethenysongbook.pdf,401,3
Across The Sky,zpatmethenysongbook.pdf,404,2
A Story Within A Story,zpatmethenysongbook.pdf,406,4
Too Soon Tomorrow,zpatmethenysongbook.pdf,410,2
Ballad Z,zpatmethenysongbook.pdf,412,1
Outcasts,zpatmethenysongbook.pdf,413,1
A Map Of The World,zpatmethenysongbook.pdf,414,2
Family,zpatmethenysongbook.pdf,416,2
Homecoming,zpatmethenysongbook.pdf,418,2
Holding Us,zpatmethenysongbook.pdf,420,5
Resolution,zpatmethenysongbook.pdf,425,3
Timeline,zpatmethenysongbook.pdf,428,1
What Do You Want?,zpatmethenysongbook.pdf,429,1
The Sun In Montreal,zpatmethenysongbook.pdf,430,2
Just Like The Day,zpatmethenysongbook.pdf,432,3
Soul Cowboy,zpatmethenysongbook.pdf,435,1
Go Get It,zpatmethenysongbook.pdf,436,1