100 Years,zPop-Rock-Anthology.pdf,2,10
A Groovy Kind of Love,zPop-Rock-Anthology.pdf,18,4
A Moment Like This,zPop-Rock-Anthology.pdf,22,8
A Thousand Miles,zPop-Rock-Anthology.pdf,30,8
All or Nothing,zPop-Rock-Anthology.pdf,38,5
Alone,zPop-Rock-Anthology.pdf,43,5
Always,zPop-Rock-Anthology.pdf,48,6
Always on My Mind,zPop-Rock-Anthology.pdf,54,3
American Pie,zPop-Rock-Anthology.pdf,57,10
Angel,zPop-Rock-Anthology.pdf,67,6
Aqualung,zPop-Rock-Anthology.pdf,73,6
At Seventeen,zPop-Rock-Anthology.pdf,79,4
Baby I Love Your Ways,zPop-Rock-Anthology.pdf,83,5
Baby I'm A Want You,zPop-Rock-Anthology.pdf,88,5
Back at Once,zPop-Rock-Anthology.pdf,93,5
Bad Case of Loving You,zPop-Rock-Anthology.pdf,98,5
Baker Street,zPop-Rock-Anthology.pdf,103,4
Beat of Burden,zPop-Rock-Anthology.pdf,107,6
Bennie and the Jets,zPop-Rock-Anthology.pdf,113,4
Borderline,zPop-Rock-Anthology.pdf,117,6
Brass in Pocket,zPop-Rock-Anthology.pdf,123,4
Brick Housing (big book),zPop-Rock-Anthology.pdf,127,7
Can't Smile Without You,zPop-Rock-Anthology.pdf,141,6
Candle in the Wind,zPop-Rock-Anthology.pdf,134,7
Carry on My Wayward Son,zPop-Rock-Anthology.pdf,147,5
Change the World,zPop-Rock-Anthology.pdf,152,6
Chariots of Fire,zPop-Rock-Anthology.pdf,158,3
Cherish,zPop-Rock-Anthology.pdf,161,5
Clair,zPop-Rock-Anthology.pdf,166,5
Clocks,zPop-Rock-Anthology.pdf,171,6
Cold Shot,zPop-Rock-Anthology.pdf,177,5
Come Sail Away,zPop-Rock-Anthology.pdf,182,6
Complicated,zPop-Rock-Anthology.pdf,188,6
Crazy Little Thing Called Love,zPop-Rock-Anthology.pdf,194,7
Cuts Like a Knife,zPop-Rock-Anthology.pdf,201,6
Dancing Queen,zPop-Rock-Anthology.pdf,207,5
Daniel,zPop-Rock-Anthology.pdf,212,5
Do You Really Want to Hurt Me,zPop-Rock-Anthology.pdf,217,7
Don't Change,zPop-Rock-Anthology.pdf,224,7
Don't Cry for Me Argintina,zPop-Rock-Anthology.pdf,231,8
Don't Know Much,zPop-Rock-Anthology.pdf,239,6
Don't Know Why,zPop-Rock-Anthology.pdf,245,5
Don't Speak,zPop-Rock-Anthology.pdf,250,6
Don't' You Forget About Me,zPop-Rock-Anthology.pdf,256,4
Dream On,zPop-Rock-Anthology.pdf,260,7
Dream Weaver,zPop-Rock-Anthology.pdf,267,4
Dreamer,zPop-Rock-Anthology.pdf,271,11
Dreams,zPop-Rock-Anthology.pdf,282,5
Drift Away (big book uncle kracker),zPop-Rock-Anthology.pdf,287,5
Drive,zPop-Rock-Anthology.pdf,292,9
Drops of Jupiter,zPop-Rock-Anthology.pdf,301,9
Dust in the Wind,zPop-Rock-Anthology.pdf,310,6
Easy,zPop-Rock-Anthology.pdf,316,6
Endless Love,zPop-Rock-Anthology.pdf,322,6
Even the Nights are Better,zPop-Rock-Anthology.pdf,328,5
Every Breath You Take,zPop-Rock-Anthology.pdf,333,7
Evil Ways,zPop-Rock-Anthology.pdf,340,4
Fallin,zPop-Rock-Anthology.pdf,344,7
Fast Car,zPop-Rock-Anthology.pdf,351,7
Feelin' Alright (big book),zPop-Rock-Anthology.pdf,358,3
Flying without Wings,zPop-Rock-Anthology.pdf,361,9
For He's a Jolly Good Fella,zPop-Rock-Anthology.pdf,370,2
Free Bird,zPop-Rock-Anthology.pdf,372,3
Garden Party,zPop-Rock-Anthology.pdf,375,3
Get Down Tonight,zPop-Rock-Anthology.pdf,378,4
Get Up I Feel Being a Sex Machine,zPop-Rock-Anthology.pdf,382,5
Girls Just Want to Have Fun,zPop-Rock-Anthology.pdf,387,4
Give Me Just One More Night,zPop-Rock-Anthology.pdf,391,8
Goodbye Yellow Brick Road,zPop-Rock-Anthology.pdf,399,4
Grow Old with Me,zPop-Rock-Anthology.pdf,403,3
Hard Habit to Break,zPop-Rock-Anthology.pdf,406,5
Have I Told You Lately (big book),zPop-Rock-Anthology.pdf,411,5
Heaven,zPop-Rock-Anthology.pdf,416,7
Help Me Make it Through the Night,zPop-Rock-Anthology.pdf,423,4
Here with out You,zPop-Rock-Anthology.pdf,427,6
Hey Ya,zPop-Rock-Anthology.pdf,433,10
Hollywood Nights,zPop-Rock-Anthology.pdf,443,6
Hot Hot Hot,zPop-Rock-Anthology.pdf,449,5
Hot Legs,zPop-Rock-Anthology.pdf,454,5
How Am I Suppose to Live Without You,zPop-Rock-Anthology.pdf,459,6
I Believe,zPop-Rock-Anthology.pdf,465,9
I Believe I Can Fly,zPop-Rock-Anthology.pdf,474,6
I Feel the Earth (big book),zPop-Rock-Anthology.pdf,480,6
I Honestly Love You,zPop-Rock-Anthology.pdf,486,5
I Just Called to Say I Love You,zPop-Rock-Anthology.pdf,491,6
I Love a Rainy Night,zPop-Rock-Anthology.pdf,497,5
I Still Believe,zPop-Rock-Anthology.pdf,502,6
I Want You to Want Me,zPop-Rock-Anthology.pdf,508,8
I Was Made for Loving You,zPop-Rock-Anthology.pdf,516,8
I Will Survive,zPop-Rock-Anthology.pdf,524,3
I'll Be (big book),zPop-Rock-Anthology.pdf,545,7
I'll Be There,zPop-Rock-Anthology.pdf,552,5
I'll be there for You,zPop-Rock-Anthology.pdf,557,9
I'm So Excited,zPop-Rock-Anthology.pdf,566,7
If,zPop-Rock-Anthology.pdf,527,4
If You Love Somebody Set Them Free,zPop-Rock-Anthology.pdf,531,5
If You're Gone,zPop-Rock-Anthology.pdf,536,9
Imagine,zPop-Rock-Anthology.pdf,573,4
Invisible Touch,zPop-Rock-Anthology.pdf,577,4
Iris,zPop-Rock-Anthology.pdf,581,10
Jack and Diane,zPop-Rock-Anthology.pdf,591,9
Jenny 867 5309,zPop-Rock-Anthology.pdf,12,6
Jessie's Girl (big book),zPop-Rock-Anthology.pdf,600,6
Just Like Paradise,zPop-Rock-Anthology.pdf,606,8
Just Once,zPop-Rock-Anthology.pdf,614,6
La Bamba,zPop-Rock-Anthology.pdf,620,3
Lady in Red,zPop-Rock-Anthology.pdf,623,4
Landlside,zPop-Rock-Anthology.pdf,627,9
Layla,zPop-Rock-Anthology.pdf,636,5
Le Freak,zPop-Rock-Anthology.pdf,641,3
Leader of the Band,zPop-Rock-Anthology.pdf,644,8
Let It Be,zPop-Rock-Anthology.pdf,652,5
Lifestyles of the Rich and Famouse,zPop-Rock-Anthology.pdf,657,10
London Calling,zPop-Rock-Anthology.pdf,667,5
Longer,zPop-Rock-Anthology.pdf,672,4
Looks Like We Made It,zPop-Rock-Anthology.pdf,676,3
Love and Happiness,zPop-Rock-Anthology.pdf,679,8
Love Rollercoaster,zPop-Rock-Anthology.pdf,687,4
Love Shack,zPop-Rock-Anthology.pdf,691,10
Low Rider,zPop-Rock-Anthology.pdf,701,4
Maggie May,zPop-Rock-Anthology.pdf,705,4
Material Girl,zPop-Rock-Anthology.pdf,709,4
Me and Bobby McGee,zPop-Rock-Anthology.pdf,713,12
Midnight Train to Georgia,zPop-Rock-Anthology.pdf,725,6
More than Words,zPop-Rock-Anthology.pdf,731,6
Mr Jones,zPop-Rock-Anthology.pdf,737,10
My Cherie Amour,zPop-Rock-Anthology.pdf,747,3
My Father Eyes,zPop-Rock-Anthology.pdf,750,7
On Broadway,zPop-Rock-Anthology.pdf,757,2
One More Night,zPop-Rock-Anthology.pdf,759,7
One Way or Another,zPop-Rock-Anthology.pdf,766,6
Only Happy When it Rains,zPop-Rock-Anthology.pdf,772,5
Only Wanna Be With You,zPop-Rock-Anthology.pdf,777,8
Rainy Days and Mondays,zPop-Rock-Anthology.pdf,785,5
Reeling in the Years,zPop-Rock-Anthology.pdf,790,3
Refugee,zPop-Rock-Anthology.pdf,793,4
Respect,zPop-Rock-Anthology.pdf,797,5
Rikki Don't Lose that Number,zPop-Rock-Anthology.pdf,802,4
Rock and Roll All Night,zPop-Rock-Anthology.pdf,806,4
Rock With You,zPop-Rock-Anthology.pdf,810,8
Rocket Man,zPop-Rock-Anthology.pdf,818,6
Save the Best For Last,zPop-Rock-Anthology.pdf,824,6
Say You Say Me,zPop-Rock-Anthology.pdf,830,5
Secret Agent Man,zPop-Rock-Anthology.pdf,835,2
Semi Charmed Life,zPop-Rock-Anthology.pdf,837,12
She Drives Me Crazy,zPop-Rock-Anthology.pdf,849,4
She Will Be Loved,zPop-Rock-Anthology.pdf,853,9
Shinning Start (big book),zPop-Rock-Anthology.pdf,862,10
Silent Lucidity,zPop-Rock-Anthology.pdf,872,8
Smells Like Teen Spirit,zPop-Rock-Anthology.pdf,880,5
So Far Away,zPop-Rock-Anthology.pdf,885,4
Somewhere Out There,zPop-Rock-Anthology.pdf,889,5
Stages,zPop-Rock-Anthology.pdf,894,5
Start Me Up,zPop-Rock-Anthology.pdf,899,4
Still the Same,zPop-Rock-Anthology.pdf,903,4
Sunrise,zPop-Rock-Anthology.pdf,907,6
Superman,zPop-Rock-Anthology.pdf,913,8
Surrender,zPop-Rock-Anthology.pdf,921,6
Sweet Home Alabama,zPop-Rock-Anthology.pdf,927,5
Take Me to the River,zPop-Rock-Anthology.pdf,932,4
Taking Care of Business,zPop-Rock-Anthology.pdf,936,8
That's the Way I Like It,zPop-Rock-Anthology.pdf,944,4
The Boys are Back in Town,zPop-Rock-Anthology.pdf,948,4
The First Cut is the Deepest,zPop-Rock-Anthology.pdf,952,4
The Kiss,zPop-Rock-Anthology.pdf,968,5
The Long and Winding Road,zPop-Rock-Anthology.pdf,956,4
The Rainbow Connection,zPop-Rock-Anthology.pdf,960,5
The Way We Were,zPop-Rock-Anthology.pdf,965,3
Three Times a Lady,zPop-Rock-Anthology.pdf,973,6
Thriller,zPop-Rock-Anthology.pdf,979,11
Top of the World,zPop-Rock-Anthology.pdf,990,5
True Colors,zPop-Rock-Anthology.pdf,995,6
Vincent,zPop-Rock-Anthology.pdf,1001,8
Water Runs Dry,zPop-Rock-Anthology.pdf,1006,3
We Are the Champions,zPop-Rock-Anthology.pdf,1009,4
Werewolves of London,zPop-Rock-Anthology.pdf,1013,7
Weve Only Just Begun,zPop-Rock-Anthology.pdf,1020,3
What I Like About You,zPop-Rock-Anthology.pdf,1023,6
Where do Broken Hearts Go,zPop-Rock-Anthology.pdf,1029,5
Whip It,zPop-Rock-Anthology.pdf,1034,5
White Flag,zPop-Rock-Anthology.pdf,1039,5
White Wedding,zPop-Rock-Anthology.pdf,1044,8
Who Can it Be Now,zPop-Rock-Anthology.pdf,1052,5
Wishing Well,zPop-Rock-Anthology.pdf,1057,3
Wonderful Tonight,zPop-Rock-Anthology.pdf,1060,4
Wonderwall,zPop-Rock-Anthology.pdf,1064,3
Wrap it Up,zPop-Rock-Anthology.pdf,1067,9
Yesterday,zPop-Rock-Anthology.pdf,1076,3
You Are So Beautiful To Me,zPop-Rock-Anthology.pdf,1079,4
You Are the Sunshine of My Life,zPop-Rock-Anthology.pdf,1083,3
You Give Love a Bad Name,zPop-Rock-Anthology.pdf,1086,5
You Light Up My Life,zPop-Rock-Anthology.pdf,1091,4
You Make Me Feel like Dancing,zPop-Rock-Anthology.pdf,1095,3
You Needed Me,zPop-Rock-Anthology.pdf,1098,4
You Oughta Know,zPop-Rock-Anthology.pdf,1102,5
You Sang To Me,zPop-Rock-Anthology.pdf,1107,11
You're Only Lonely,zPop-Rock-Anthology.pdf,1131,5
You're Song,zPop-Rock-Anthology.pdf,1125,6
You're Still the One,zPop-Rock-Anthology.pdf,1136,4
You're the One I Want,zPop-Rock-Anthology.pdf,1140,4
You've Got a Friend,zPop-Rock-Anthology.pdf,1144,6
Your Mama Don't Dance,zPop-Rock-Anthology.pdf,1118,7